_C_2aaa_57578392_1 8c 0 60 0 0 3a253068 0 73697a65 0 6e65745f 
_C_721_57633e93_2 8c 0 e8 0 0 30363468 0 54413a25 0 4d5f4441 0 68204d45 0 25303332 0 4444523a 0 454d5f41 0 4d 
_C_4c35_578aaf86_1 8c 0 88 0 0 743a2568 0 795f6e78 0 72656164 0 74206177 0 25 
_C_727a_57620b25_3 8c 0 1f0 0 0 2d3d2d3d 0 2d3d2d3d 0 2d3d2d3d 0 2d3d2d3d 0 2d3d2d3d 0 2d3d2d3d 0 2d3d2d3d 0 2d3d2d3d 0 4c4c2d3d 0 4d204649 0 2d3d4d45 0 2d3d2d3d 0 2d3d2d3d 0 2d3d2d3d 0 2d3d2d3d 0 2d3d 
_C_3cae_57895881_1 8c 0 c8 0 0 613a2568 0 77646174 0 6178695f 0 3a256820 0 61646472 0 78695f77 0 61 
_C_5e0f_5761fe47_1 8c 0 110 0 0 30363468 0 6e3a2025 0 6174696f 0 206c6f63 0 206d656d 0 65642040 0 73746f72 0 36346820 0 2530 
_C_5793_5761fbad_2 8c 0 f0 0 0 20253068 0 696f6e3a 0 6f636174 0 656d206c 0 2040206d 0 6f726564 0 68207374 0 2530 
_C_7eb8_575754a2_1 8c 0 30 0 0 3a253068 0 4441 
_C_6ca9_575770d7_1 84 0 2f20 0 0 0 0 0 0 0 0 0 0 0 0 0 0 0 0 0 0 0 0 0 0 0 0 0 0 0 0 0 0 0 0 0 0 0 0 0 0 0 0 0 0 0 0 0 0 0 0 0 0 0 0 0 0 0 0 0 0 0 0 0 0 0 0 0 0 0 0 0 0 0 0 0 0 0 0 0 0 0 0 0 0 0 0 0 0 0 0 0 0 0 0 0 0 0 0 0 0 0 0 0 0 0 0 0 0 0 0 0 0 0 0 0 0 0 0 0 0 0 0 0 0 0 0 0 0 0 0 0 0 0 0 0 0 0 0 0 0 0 0 0 0 0 0 0 0 0 0 0 0 0 0 0 0 0 0 0 0 0 0 0 0 0 0 0 0 0 0 0 0 0 0 0 0 0 0 0 0 0 0 0 0 0 0 0 0 0 0 0 0 0 0 0 0 0 0 0 0 0 0 0 0 0 0 0 0 0 0 0 0 0 0 0 0 0 0 0 0 0 0 0 0 0 0 0 0 0 0 0 0 0 0 0 0 0 0 0 0 0 0 0 0 0 0 0 0 0 0 0 0 0 0 0 0 0 0 0 0 0 0 0 0 0 0 0 0 0 0 0 0 0 0 0 0 0 0 0 0 0 0 0 0 0 0 0 0 0 0 0 0 0 0 0 0 0 0 0 0 0 0 0 0 0 0 0 0 0 0 0 0 0 0 0 0 0 0 0 0 0 0 0 0 0 0 0 0 0 0 0 0 0 0 0 0 0 0 0 0 0 0 0 0 0 0 0 0 0 0 0 0 0 0 0 0 0 0 0 0 0 0 0 0 0 0 0 0 0 0 0 0 0 0 0 0 0 0 0 0 0 0 0 0 0 0 0 0 0 0 0 0 0 0 0 0 0 0 0 0 0 0 0 0 0 0 0 0 0 0 0 0 0 0 0 0 0 0 0 0 0 0 0 0 0 0 0 0 0 0 0 0 0 0 0 0 0 0 0 0 0 0 0 0 0 0 0 0 0 0 0 0 0 0 0 0 0 0 0 0 0 0 0 0 0 0 0 0 0 0 0 0 0 0 0 0 0 0 0 0 0 0 0 0 0 0 0 0 0 0 0 0 0 0 0 0 0 0 0 0 0 0 0 0 0 0 0 0 0 0 0 0 0 0 0 0 0 0 0 0 0 0 0 0 0 0 0 0 0 0 0 0 0 0 0 0 0 0 0 0 0 0 0 0 0 0 0 0 0 0 0 0 0 0 0 0 0 0 0 0 0 0 0 0 0 0 0 0 0 0 0 0 0 0 0 0 0 0 0 0 0 0 0 0 0 0 0 0 0 0 0 0 0 0 0 0 0 0 0 0 0 0 0 0 0 0 0 0 0 0 0 0 0 0 0 0 0 0 0 0 0 0 0 0 0 0 0 0 0 0 0 0 0 0 0 0 0 0 0 0 0 0 0 0 0 0 0 0 0 0 0 0 0 0 0 0 0 0 0 0 0 0 0 0 0 0 0 0 0 0 0 0 0 0 0 0 0 0 0 0 0 0 0 0 0 0 0 0 0 0 0 0 0 0 0 0 0 0 0 0 0 0 0 0 0 0 0 0 0 0 0 0 0 0 0 0 0 0 0 0 0 0 0 0 0 0 0 0 0 0 0 0 0 0 0 0 0 0 0 0 0 0 0 0 0 0 0 0 0 0 0 0 0 0 0 0 0 
_C_7eb8_575754a2_4 8c 0 70 0 0 3a253068 0 54595045 0 4845525f 0 4554 
_C_538f_578ab3c4_3 8c 0 c8 0 0 743a2568 0 795f6e78 0 72656164 0 79206177 0 73706c61 0 74206469 0 25 
_C_7582_5757511a_1 8c 0 218 0 0 3d2d3d2d 0 3d2d3d2d 0 3d2d3d2d 0 3d2d3d2d 0 3d2d3d2d 0 3d2d3d2d 0 3d2d3d2d 0 4d453d2d 0 20465241 0 524e4554 0 45544845 0 2d3d2d3d 0 2d3d2d3d 0 2d3d2d3d 0 2d3d2d3d 0 2d3d2d3d 0 3d2d3d 
_C_727a_57620b25_5 8c 0 1f0 0 0 2d3d2d3d 0 2d3d2d3d 0 2d3d2d3d 0 2d3d2d3d 0 2d3d2d3d 0 2d3d2d3d 0 2d3d2d3d 0 2d3d2d3d 0 53502d3d 0 4d204449 0 2d3d4d45 0 2d3d2d3d 0 2d3d2d3d 0 2d3d2d3d 0 2d3d2d3d 0 2d3d 
_C_822_57631fba_2 8c 0 178 0 0 30363468 0 723a2025 0 5f616464 0 6c696e6b 0 6d656d5f 0 6e78745f 0 203a3a20 0 30363468 0 6e3a2025 0 6174696f 0 5f6c6f63 0 6d656d 
_C_aae_57632046_1 8c 0 178 0 0 30333268 0 723a2025 0 5f616464 0 6c696e6b 0 6d656d5f 0 6e78745f 0 203a3a20 0 30333268 0 6e3a2025 0 6174696f 0 5f6c6f63 0 6d656d 
_C_822_57631fba_1 8c 0 218 0 0 2d3d2d3d 0 2d3d2d3d 0 2d3d2d3d 0 2d3d2d3d 0 2d3d2d3d 0 2d3d2d3d 0 2d3d2d3d 0 2d3d2d3d 0 53502d3d 0 4b204449 0 204c494e 0 3d4d454d 0 3d2d3d2d 0 3d2d3d2d 0 3d2d3d2d 0 3d2d3d2d 0 2d3d2d 
_C_7fa7_57589209_1 8c 0 180 0 0 3d2d3d2d 0 3d2d3d2d 0 3d2d3d2d 0 3d2d3d2d 0 3d2d3d2d 0 3d2d3d2d 0 3d2d3d2d 0 3d2d3d2d 0 3d2d3d2d 0 3d2d3d2d 0 3d2d3d2d 0 a2d3d2d 
_C_538f_578ab3c4_1 8c 0 c8 0 0 743a2568 0 795f6e78 0 72656164 0 20206177 0 726f6265 0 74207374 0 25 
_C_251_57575512_1 8c 0 40 0 0 4f41443a 0 5041594c 
_C_5793_5761fbad_1 8c 0 c0 0 0 3a253068 0 64647220 0 20402061 0 70696564 0 6f636375 0 6d656d20 
_C_755e_57885dc9_2 8c 0 60 0 0 2e766364 0 636f7265 0 6d61635f 
_C_7eb8_575754a2_2 8c 0 28 0 0 3a253068 0 3a 
_C_727a_57620b25_1 8c 0 1e8 0 0 2d3d2d3d 0 2d3d2d3d 0 2d3d2d3d 0 2d3d2d3d 0 2d3d2d3d 0 2d3d2d3d 0 2d3d2d3d 0 2d3d2d3d 0 4b542d3d 0 41572050 0 3d2d3d52 0 3d2d3d2d 0 3d2d3d2d 0 3d2d3d2d 0 3d2d3d2d 0 2d 
_C_4959_578aaee6_1 8c 0 70 0 0 743a2568 0 795f6e78 0 72656164 0 6177 
_C_37e9_57590455_1 8c 0 38 0 0 3a253064 0 72656d 
_C_7582_5757511a_2 8c 0 18 0 0 44413a 
_C_5e0f_5761fe47_2 8c 0 148 0 0 30363468 0 643a2025 0 746f7265 0 74615f73 0 3a206461 0 3468203a 0 20253036 0 696f6e3a 0 6f636174 0 656d5f6c 0 6d 
_C_727a_57620b25_4 8c 0 1f0 0 0 2d3d2d3d 0 2d3d2d3d 0 2d3d2d3d 0 2d3d2d3d 0 2d3d2d3d 0 2d3d2d3d 0 2d3d2d3d 0 2d3d2d3d 0 2d3d2d3d 0 2d3d2d3d 0 2d3d2d3d 0 2d3d2d3d 0 2d3d2d3d 0 2d3d2d3d 0 2d3d2d3d 0 2d3d 
_C_688b_57577031_1 8c 0 58 0 0 3a253068 0 5f706b74 0 726177 
_C_7e28_57633ab9_2 8c 0 138 0 0 30333268 0 74613a25 0 6c5f6461 0 20437472 0 30333268 0 74723a25 0 61645f70 0 72206865 0 6b5f6864 0 6c696e 
_C_7eb8_575754a2_3 8c 0 30 0 0 3a253068 0 5341 
_C_39eb_57590516_1 8c 0 40 0 0 3a253068 0 a435243 
_C_688b_57577031_3 84 0 2ef8 0 0 0 0 0 0 0 0 0 0 0 0 0 0 0 0 0 0 0 0 0 0 0 0 0 0 0 0 0 0 0 0 0 0 0 0 0 0 0 0 0 0 0 0 0 0 0 0 0 0 0 0 0 0 0 0 0 0 0 0 0 0 0 0 0 0 0 0 0 0 0 0 0 0 0 0 0 0 0 0 0 0 0 0 0 0 0 0 0 0 0 0 0 0 0 0 0 0 0 0 0 0 0 0 0 0 0 0 0 0 0 0 0 0 0 0 0 0 0 0 0 0 0 0 0 0 0 0 0 0 0 0 0 0 0 0 0 0 0 0 0 0 0 0 0 0 0 0 0 0 0 0 0 0 0 0 0 0 0 0 0 0 0 0 0 0 0 0 0 0 0 0 0 0 0 0 0 0 0 0 0 0 0 0 0 0 0 0 0 0 0 0 0 0 0 0 0 0 0 0 0 0 0 0 0 0 0 0 0 0 0 0 0 0 0 0 0 0 0 0 0 0 0 0 0 0 0 0 0 0 0 0 0 0 0 0 0 0 0 0 0 0 0 0 0 0 0 0 0 0 0 0 0 0 0 0 0 0 0 0 0 0 0 0 0 0 0 0 0 0 0 0 0 0 0 0 0 0 0 0 0 0 0 0 0 0 0 0 0 0 0 0 0 0 0 0 0 0 0 0 0 0 0 0 0 0 0 0 0 0 0 0 0 0 0 0 0 0 0 0 0 0 0 0 0 0 0 0 0 0 0 0 0 0 0 0 0 0 0 0 0 0 0 0 0 0 0 0 0 0 0 0 0 0 0 0 0 0 0 0 0 0 0 0 0 0 0 0 0 0 0 0 0 0 0 0 0 0 0 0 0 0 0 0 0 0 0 0 0 0 0 0 0 0 0 0 0 0 0 0 0 0 0 0 0 0 0 0 0 0 0 0 0 0 0 0 0 0 0 0 0 0 0 0 0 0 0 0 0 0 0 0 0 0 0 0 0 0 0 0 0 0 0 0 0 0 0 0 0 0 0 0 0 0 0 0 0 0 0 0 0 0 0 0 0 0 0 0 0 0 0 0 0 0 0 0 0 0 0 0 0 0 0 0 0 0 0 0 0 0 0 0 0 0 0 0 0 0 0 0 0 0 0 0 0 0 0 0 0 0 0 0 0 0 0 0 0 0 0 0 0 0 0 0 0 0 0 0 0 0 0 0 0 0 0 0 0 0 0 0 0 0 0 0 0 0 0 0 0 0 0 0 0 0 0 0 0 0 0 0 0 0 0 0 0 0 0 0 0 0 0 0 0 0 0 0 0 0 0 0 0 0 0 0 0 0 0 0 0 0 0 0 0 0 0 0 0 0 0 0 0 0 0 0 0 0 0 0 0 0 0 0 0 0 0 0 0 0 0 0 0 0 0 0 0 0 0 0 0 0 0 0 0 0 0 0 0 0 0 0 0 0 0 0 0 0 0 0 0 0 0 0 0 0 0 0 0 0 0 0 0 0 0 0 0 0 0 0 0 0 0 0 0 0 0 0 0 0 0 0 0 0 0 0 0 0 0 0 0 0 0 0 0 0 0 0 0 0 0 0 0 0 0 0 0 0 0 0 0 0 0 0 0 0 0 0 0 0 0 0 0 0 0 0 0 0 0 0 0 0 0 0 0 0 0 0 0 0 0 0 0 0 0 0 0 0 0 0 0 0 0 0 0 
_C_6d3c_57620956_2 8c 0 110 0 0 30333268 0 6e3a2025 0 6174696f 0 206c6f63 0 206d656d 0 65642040 0 73746f72 0 36346820 0 2530 
_C_721_57633e93_3 8c 0 220 0 0 2d3d2d3d 0 2d3d2d3d 0 2d3d2d3d 0 2d3d2d3d 0 2d3d2d3d 0 2d3d2d3d 0 2d3d2d3d 0 2d3d2d3d 0 2d3d2d3d 0 2d3d2d3d 0 2d3d2d3d 0 2d3d2d3d 0 2d3d2d3d 0 2d3d2d3d 0 2d3d2d3d 0 2d3d2d3d 0 2d3d2d3d 
_C_581f_57897a33_1 84 0 4 0 0 3 
_C_641_578ad597_1 84 0 2 0 0 0 
_C_538f_578ab3c4_2 8c 0 d0 0 0 743a2568 0 795f6e78 0 72656164 0 20206177 0 70616c79 0 20646973 0 2574 
_C_5067_578850dc_2 84 0 3 0 0 0 
_C_7e28_57633ab9_1 8c 0 1f0 0 0 2d3d2d3d 0 2d3d2d3d 0 2d3d2d3d 0 2d3d2d3d 0 2d3d2d3d 0 3d3d2d3d 0 3d2d3d2d 0 3d2d3d2d 0 4844522d 0 494e4b20 0 2d3d2d4c 0 2d3d2d3d 0 2d3d2d3d 0 2d3d2d3d 0 2d3d2d3d 0 2d3d 
_C_6d3c_57620956_1 8c 0 178 0 0 30333268 0 72203a25 0 20616464 0 65642040 0 63757069 0 6d206f63 0 21206d65 0 20212121 0 726f6e67 0 6e672057 0 65746869 0 536f6d 
_C_6f97_57620a38_1 8c 0 118 0 0 2d2d2d2d 0 2d2d2d2d 0 2d2d2d2d 0 2d2d2d2d 0 2d2d2d2d 0 2d2d2d2d 0 2d2d2d2d 0 2d2d2d2d 0 2d2d2d 
_C_7e01_575891f7_1 8c 0 170 0 0 3d2d3d2d 0 3d2d3d2d 0 3d2d3d2d 0 3d2d3d2d 0 612d3d2d 0 20446174 0 204d454d 0 636b6564 0 2d3d5061 0 2d3d2d3d 0 2d3d2d3d 0 2d3d 
_C_5067_578850dc_3 94 0 21 0 0 20 0 0 
_C_7fc8_57633af6_1 84 0 18 0 0 0 
_C_721_57633e93_1 8c 0 218 0 0 2d3d2d3d 0 2d3d2d3d 0 2d3d2d3d 0 2d3d2d3d 0 2d3d2d3d 0 2d3d2d3d 0 2d3d2d3d 0 2d3d2d3d 0 57414c4b 0 494e4b20 0 3d2d3d4c 0 3d2d3d2d 0 3d2d3d2d 0 3d2d3d2d 0 3d2d3d2d 0 3d2d3d2d 0 2d3d2d 
_C_251_57575512_2 8c 0 28 0 0 4352433a 0 a 
_C_7582_5757511a_3 8c 0 20 0 0 4352433a 
_C_6c35_57885c67_1 84 0 20 0 0 0 
_C_5067_578850dc_5 84 0 21 0 0 0 0 0 
_C_755e_57885dc9_1 84 0 20 0 0 1 
_C_77a0_5789a2a3_1 84 0 23 0 0 0 0 0 
_C_7eb8_575754a2_5 8c 0 18 0 0 253068 
_C_5793_5761fbad_3 8c 0 128 0 0 20253068 0 7265643a 0 5f73746f 0 64617461 0 203a3a20 0 20253068 0 696f6e3a 0 6f636174 0 656d5f6c 0 6d 
_C_7e28_57633ab9_3 94 0 38 0 0 0 0 0 
_C_44e8_578b0c00_1 8c 0 a8 0 0 613a2568 0 20646174 0 6f706564 0 74612070 0 74206461 0 25 
_C_7713_57885e1e_1 84 0 20 0 0 a 
_C_67ed_57885ad6_1 94 0 24 0 0 0 0 0 
_C_5067_578850dc_9 94 0 20 0 0 4 
_C_727a_57620b25_2 8c 0 1e8 0 0 3d2d3d2d 0 3d2d3d2d 0 3d2d3d2d 0 3d2d3d2d 0 3d2d3d2d 0 3d2d3d2d 0 3d2d3d2d 0 3d2d3d2d 0 3d2d3d2d 0 3d2d3d2d 0 3d2d3d2d 0 3d2d3d2d 0 3d2d3d2d 0 3d2d3d2d 0 3d2d3d2d 0 2d 
_C_5067_578850dc_a 94 0 20 0 0 5 
_C_5067_578850dc_b 94 0 20 0 0 6 
_C_5067_578850dc_c 94 0 20 0 0 7 
_C_688b_57577031_2 94 0 20 0 0 0 
_C_5067_578850dc_1 94 0 21 0 0 1 0 0 
_C_5067_578850dc_4 94 0 21 0 0 0 0 0 
_C_5067_578850dc_6 94 0 20 0 0 1 
_C_5067_578850dc_7 94 0 20 0 0 2 
_C_6359_5788579e_1 94 0 23 0 0 0 0 0 
_C_5cb7_57588b0d_1 8c 0 60 0 0 3a253064 0 73697a65 0 6e65745f 
_C_5067_578850dc_8 94 0 20 0 0 3 
_C_5067_578850dc_11 94 0 20 0 0 c 
_C_5067_578850dc_12 94 0 20 0 0 d 
_C_5067_578850dc_13 94 0 20 0 0 e 
_C_5067_578850dc_14 94 0 20 0 0 f 
_C_5067_578850dc_d 94 0 20 0 0 8 
_C_477a_578aae65_1 8c 0 50 0 0 793a2568 0 72656164 0 6177 
_C_1572_57577d9d_1 84 0 39 0 0 0 0 0 
_C_5067_578850dc_e 94 0 20 0 0 9 
_C_7eb8_575754a2_6 8c 0 8 0 0 3a 
_C_5067_578850dc_f 94 0 20 0 0 a 
_C_7e01_575891f7_2 8c 0 178 0 0 3d2d3d2d 0 3d2d3d2d 0 3d2d3d2d 0 3d2d3d2d 0 3d2d3d2d 0 3d2d3d2d 0 3d2d3d2d 0 3d2d3d2d 0 3d2d3d2d 0 3d2d3d2d 0 3d2d3d2d 0 2d3d2d 
_C_5067_578850dc_10 94 0 20 0 0 b 
